Single Classifier(25 types)
3.8292	0.1918
3.1308	0.2373
2.5011	0.2862
2.6062	0.3554
2.8765	0.3267
4.2042	0.2091
2.5961	0.3618
2.7822	0.3450
3.1607	0.3356
3.3774	0.3534
3.8200	0.3465
3.6928	0.3796
3.6905	0.3737
3.8187	0.3737
3.7766	0.3826
3.9320	0.3969
4.9494	0.3811
4.1414	0.3851
4.5594	0.3930
4.5173	0.3866
4.6196	0.3885
4.8118	0.3994
4.6299	0.3712
4.4794	0.3989
4.8462	0.3786
4.8795	0.3589
4.5473	0.3885
4.3094	0.3989
4.7746	0.3940
4.9107	0.3791



Coarse Classifier (11 types)
2.3784	0.4523
2.5137	0.4770
2.3508	0.4834
2.7551	0.4909
2.8125	0.4869
2.9597	0.4993
2.9875	0.5190
3.2384	0.5057
3.2991	0.5047
3.3997	0.4928
3.1869	0.5052
3.1988	0.5101
3.1957	0.5077
3.2019	0.5067
3.1738	0.5106
3.2125	0.5057
3.2178	0.5082
3.2380	0.5077
3.2299	0.5091
3.2165	0.5166




Single Fine Classifier(11 classifiers)
1.6426	0.7922
1.4795	0.7597
1.0397	0.7727
0.8181	0.8117
0.8925	0.7987
0.8000	0.8182
0.9064	0.7987
0.9941	0.7922
1.3243	0.7532
1.1875	0.7338
1.1073	0.7727
0.9418	0.8182
1.0832	0.7857
1.0644	0.8052
1.0927	0.8182
Fine Classifier 0 Error: 0.18181818181818182


3.8417e-04	1.0000
7.9160e-06	1.0000
2.0707e-06	1.0000
1.1479e-06	1.0000
7.9252e-07	1.0000
5.6293e-07	1.0000
4.3048e-07	1.0000
3.3997e-07	1.0000
2.8698e-07	1.0000
2.4504e-07	1.0000
2.0972e-07	1.0000
1.9206e-07	1.0000
1.7440e-07	1.0000
1.5895e-07	1.0000
1.5012e-07	1.0000
Fine Classifier 1 Error: 0.0


1.0670	0.8310
0.9419	0.8732
0.7891	0.8873
0.8762	0.8944
0.7101	0.9155
0.6948	0.8873
0.7455	0.8732
0.7403	0.8873
0.8348	0.8592
0.9150	0.8732
0.7320	0.8662
0.6982	0.8803
0.7359	0.8873
0.7327	0.8873
0.7314	0.9014
Fine Classifier 2 Error: 0.09859154929577464


3.3278	0.6268
1.4571	0.7746
0.9719	0.8169
1.1020	0.8028
1.0996	0.7958
1.1963	0.7606
1.8780	0.7535
1.2348	0.8099
1.1028	0.8239
1.3181	0.8028
1.2770	0.8169
1.0877	0.8099
1.3686	0.7676
1.2076	0.7746
1.0008	0.7817
Fine Classifier 3 Error: 0.21830985915492956


2.4175	0.6250
1.7848	0.6827
1.4853	0.7019
1.4205	0.6795
1.7215	0.6923
1.6698	0.6795
1.6009	0.6827
1.6167	0.6731
1.8174	0.6763
1.9092	0.6827
1.9456	0.6827
2.0566	0.6923
2.0325	0.6955
2.1343	0.6795
2.3779	0.6795
Fine Classifier 4 Error: 0.32051282051282054


2.1902	0.5402
1.9471	0.6005
1.8296	0.5955
1.9526	0.5980
1.8783	0.6231
1.9442	0.6206
2.0308	0.6181
2.2439	0.5980
2.1826	0.6307
2.3240	0.6256
2.3991	0.6231
2.6504	0.6131
2.5938	0.5905
2.5307	0.6080
2.4661	0.5955
Fine Classifier 5 Error: 0.4045226130653266


4.0761	0.6667
2.5514	0.7561
1.9882	0.7886
1.3734	0.8293
1.2608	0.8211
1.1147	0.8374
0.9459	0.8537
0.8919	0.8455
0.7952	0.8537
0.9290	0.8455
0.9190	0.8455
0.9238	0.8455
1.1097	0.8293
1.1774	0.8455
1.2219	0.8374
Fine Classifier 6 Error: 0.16260162601626016


2.2419	0.7007
1.8323	0.7959
1.4464	0.7415
1.3405	0.7891
1.1005	0.7687
1.0580	0.7619
1.0328	0.7891
1.1749	0.7891
1.2769	0.7959
1.1374	0.7959
1.1201	0.8095
1.1320	0.8027
1.1249	0.7959
1.1442	0.7959
1.1633	0.7959
Fine Classifier 7 Error: 0.20408163265306123


5.7111	0.6331
2.3904	0.7050
1.4046	0.7338
1.1662	0.7482
1.0715	0.7986
1.1298	0.7770
1.0756	0.7842
1.0031	0.7842
1.0333	0.8058
0.9799	0.7914
0.8797	0.7914
1.0179	0.7770
0.9983	0.7482
0.9245	0.7986
1.0412	0.7698
Fine Classifier 8 Error: 0.2302158273381295


2.5504	0.6704
1.7779	0.6891
1.6023	0.7116
1.4522	0.7341
1.2279	0.7528
1.4631	0.7228
1.6806	0.7116
1.6410	0.7191
1.8075	0.7228
1.8432	0.7079
2.0092	0.7154
1.8884	0.7041
1.8317	0.7116
2.4845	0.6854
2.0935	0.7041
Fine Classifier 9 Error: 0.2958801498127341


0.0692	0.9931
0.0760	0.9931
0.0865	0.9931
0.0879	0.9931
0.0906	0.9931
0.0887	0.9931
0.0796	0.9931
0.0736	0.9931
0.0634	0.9931
0.0583	0.9931
0.0582	0.9931
0.0581	0.9862
0.0743	0.9862
0.0909	0.9862
0.1039	0.9862
Fine Classifier 10 Error: 0.013793103448275862


Single Classifier Error: 0.6208601087493821
Coarse Classifier Error: 0.4834404349975284
Overall Error: 0.5946613939693525

# coarse type = 2
Single Classifier Error: 0.5956500247157687
Coarse Classifier Error: 0.20612951062778054
Overall Error: 0.6010874938210579

# coarse type = 20
Single Classifier Error: 0.6287691547207118
Coarse Classifier Error: 0.5936727632229363
Overall Error: 0.6144340088976767