1
0.9411764705882353
0.9733069698467622
0.9480968858131488
2
0.7533366287691547
0.569451309935739
0.7157686604053386
3
0.7004448838358873
0.5595650024715768
0.6940187839841819
4
0.6638655462184874
0.5086505190311419
0.6460701927829956
5
0.6505190311418685
0.5150766188828473
0.6332179930795848
6
0.6613939693524469
0.5308947108255067
0.6490360850222442
7
0.6085022244191794
0.4982698961937716
0.6040533860603065
8
0.6094908551655956
0.4977755808205635
0.6193771626297578
9
0.6450815620365793
0.49085516559565
0.6080079090459714
10
0.6099851705388037
0.46416213544241225
0.5857637172516065
11
0.5991102323282254
0.46465645081562035
0.5783489866534849
12
0.5936727632229363
0.49480968858131485
0.6119624320316361
13
0.6099851705388037
0.46959960454770144
0.5798319327731093
15
0.6549678695007415
0.5012357884330203
0.6139396935244686
17
0.5986159169550173
0.46959960454770144
0.5813148788927336
20
0.6332179930795848
0.46218487394957986
0.5867523479980228
22
0.5951557093425606
0.4725654967869501
0.583292140385566
25
0.5976272862086011
0.472071181413742
0.5897182402372714
27
0.6282748393475037
0.47058823529411764
0.5946613939693525
30
0.5778546712802768
0.46218487394957986
0.578843302026693
32
0.5976272862086011
0.47058823529411764
0.578843302026693
35
0.6099851705388037
0.4656450815620366
0.5778546712802768
37
0.5986159169550173
0.46959960454770144
0.5813148788927336
40
0.5842807711319822
0.45724172021749876
0.5783489866534849