Single Classifier(25 types) Train on 8090 samples, validate on 2023 samples
类似shared layer

3.1235	0.1588	3.8292	0.1918
2.5949	0.2551	3.1308	0.2373
2.3046	0.3252	2.5011	0.2862
2.0635	0.3812	2.6062	0.3554
1.8516	0.4370	2.8765	0.3267
1.6370	0.4953	4.2042	0.2091
1.4873	0.5422	2.5961	0.3618
1.1850	0.6305	2.7822	0.3450
0.9666	0.6956	3.1607	0.3356
0.7811	0.7514	3.3774	0.3534
0.6827	0.7852	3.8200	0.3465
0.5814	0.8101	3.6928	0.3796
0.4853	0.8413	3.6905	0.3737
0.4615	0.8480	3.8187	0.3737
0.4371	0.8564	3.7766	0.3826
0.3392	0.8871	3.9320	0.3969
0.2632	0.9150	4.9494	0.3811
0.2854	0.9027	4.1414	0.3851
0.2277	0.9267	4.5594	0.3930
0.2028	0.9341	4.5173	0.3866
0.2026	0.9313	4.6196	0.3885
0.2480	0.9179	4.8118	0.3994
0.2815	0.9080	4.6299	0.3712
0.2041	0.9326	4.4794	0.3989
0.1934	0.9389	4.8462	0.3786
0.3853	0.8791	4.8795	0.3589
0.2777	0.9094	4.5473	0.3885
0.1735	0.9455	4.3094	0.3989
0.1284	0.9578	4.7746	0.3940
0.1217	0.9590	4.9107	0.3791


Coarse Classifier(11 types)
基于shared layer再train coarse model  Train on 8090 samples, validate on 2023 samples
1.0878	0.6362	2.3784	0.4523
0.5174	0.8150	2.5137	0.4770
0.3330	0.8870	2.3508	0.4834
0.2427	0.9133	2.7551	0.4909
0.2092	0.9290	2.8125	0.4869
0.1713	0.9407	2.9597	0.4993
0.1540	0.9472	2.9875	0.5190
0.1548	0.9449	3.2384	0.5057
0.1482	0.9470	3.2991	0.5047
0.1418	0.9529	3.3997	0.4928
0.0981	0.9658	3.1869	0.5052
0.0846	0.9718	3.1988	0.5101
0.0733	0.9744	3.1957	0.5077
0.0677	0.9789	3.2019	0.5067
0.0686	0.9768	3.1738	0.5106
0.0542	0.9824	3.2125	0.5057
0.0527	0.9822	3.2178	0.5082
0.0587	0.9816	3.2380	0.5077
0.0475	0.9849	3.2299	0.5091
0.0425	0.9869	3.2165	0.5166


Fine Classifier 0 Error: 0.18181818181818182
Train on 644 samples, validate on 154 samples

0.7224	0.8230	1.6426	0.7922
0.2305	0.9301	1.4795	0.7597
0.0896	0.9689	1.0397	0.7727
0.0548	0.9798	0.8181	0.8117
0.0312	0.9876	0.8925	0.7987
0.0235	0.9953	0.8000	0.8182
0.0218	0.9922	0.9064	0.7987
0.0252	0.9876	0.9941	0.7922
0.0317	0.9891	1.3243	0.7532
0.0232	0.9938	1.1875	0.7338
0.0170	0.9938	1.1073	0.7727
0.0097	0.9953	0.9418	0.8182
0.0190	0.9922	1.0832	0.7857
0.0090	0.9953	1.0644	0.8052
0.0211	0.9891	1.0927	0.8182


Fine Classifier 1 Error: 0.0
Train on 247 samples, validate on 54 samples
1.3904	0.6437	3.8417e-04	1.0000
0.0032	1.0000	7.9160e-06	1.0000
4.6683e-05	1.0000	2.0707e-06	1.0000
2.1452e-05	1.0000	1.1479e-06	1.0000
7.5022e-05	1.0000	7.9252e-07	1.0000
2.7152e-05	1.0000	5.6293e-07	1.0000
1.5939e-05	1.0000	4.3048e-07	1.0000
3.4419e-05	1.0000	3.3997e-07	1.0000
1.3015e-05	1.0000	2.8698e-07	1.0000
1.1148e-05	1.0000	2.4504e-07	1.0000
6.3693e-06	1.0000	2.0972e-07	1.0000
1.1241e-05	1.0000	1.9206e-07	1.0000
7.5087e-06	1.0000	1.7440e-07	1.0000
5.8452e-06	1.0000	1.5895e-07	1.0000
2.1088e-05	1.0000	1.5012e-07	1.0000


Fine Classifier 2 Error: 0.09859154929577464
Train on 502 samples, validate on 142 samples
0.6812	0.8227	1.0670	0.8310
0.1352	0.9721	0.9419	0.8732
0.0750	0.9861	0.7891	0.8873
0.0167	0.9900	0.8762	0.8944
0.0547	0.9781	0.6948	0.8873
0.0268	0.9920	0.7455	0.8732
0.0220	0.9920	0.7403	0.8873
0.1046	0.9761	0.8348	0.8592
0.0130	0.9960	0.9150	0.8732
0.0181	0.9960	0.7320	0.8662
0.0291	0.9861	0.6982	0.8803
0.0629	0.9861	0.7359	0.8873
0.0050	0.9980	0.7327	0.8873
0.0031	1.0000	0.7314	0.9014


Fine Classifier 3 Error: 0.21830985915492956
Train on 657 samples, validate on 142 samples
0.6715	0.8295	3.3278	0.6268
0.2355	0.9361	1.4571	0.7746
0.1081	0.9604	0.9719	0.8169
0.0224	0.9939	1.1020	0.8028
0.0228	0.9893	1.0996	0.7958
0.0372	0.9848	1.1963	0.7606
0.0108	0.9954	1.8780	0.7535
0.0390	0.9878	1.2348	0.8099
0.0098	0.9954	1.1028	0.8239
0.0113	0.9954	1.3181	0.8028
0.0343	0.9863	1.2770	0.8169
0.0414	0.9863	1.0877	0.8099
0.0555	0.9787	1.3686	0.7676
0.0164	0.9924	1.2076	0.7746
0.0125	0.9954	1.0008	0.7817


Fine Classifier 4 Error: 0.32051282051282054
Train on 1368 samples, validate on 312 samples
0.6349	0.8092	2.4175	0.6250
0.2349	0.9225	1.7848	0.6827
0.1151	0.9627	1.4853	0.7019
0.0571	0.9803	1.4205	0.6795
0.0605	0.9810	1.7215	0.6923
Train on 1368 samples, validate on 312 samples
0.0649	0.9781	1.6698	0.6795
0.0529	0.9854	1.6009	0.6827
0.0377	0.9868	1.6167	0.6731
0.0379	0.9883	1.8174	0.6763
0.0194	0.9905	1.9092	0.6827
Train on 1368 samples, validate on 312 samples
0.0270	0.9912	1.9456	0.6827
0.0292	0.9883	2.0566	0.6923
0.0203	0.9890	2.0325	0.6955
0.0132	0.9949	2.1343	0.6795
0.0223	0.9920	2.3779	0.6795


Fine Classifier 5 Error: 0.4045226130653266
Train on 1528 samples, validate on 398 samples
0.7417	0.7847	2.1902	0.5402
0.2536	0.9149	1.9471	0.6005
0.1104	0.9607	1.8296	0.5955
0.0755	0.9712	1.9526	0.5980
0.0540	0.9836	1.8783	0.6231
Train on 1528 samples, validate on 398 samples
0.0484	0.9836	1.9442	0.6206
0.0398	0.9869	2.0308	0.6181
0.0429	0.9876	2.2439	0.5980
0.0340	0.9882	2.1826	0.6307
0.0313	0.9895	2.3240	0.6256
Train on 1528 samples, validate on 398 samples
0.0160	0.9974	2.3991	0.6231
0.0223	0.9935	2.6504	0.6131
0.0204	0.9961	2.5938	0.5905
0.0284	0.9889	2.5307	0.6080
0.0155	0.9961	2.4661	0.5955


Fine Classifier 6 Error: 0.16260162601626016
Train on 572 samples, validate on 123 samples
0.7290	0.8339	4.0761	0.6667
0.2765	0.9371	2.5514	0.7561
0.1375	0.9528	1.9882	0.7886
0.0201	0.9913	1.3734	0.8293
0.0203	0.9913	1.2608	0.8211
Train on 572 samples, validate on 123 samples
0.0094	0.9965	1.1147	0.8374
0.0286	0.9843	0.9459	0.8537
0.0124	0.9965	0.8919	0.8455
0.0404	0.9895	0.7952	0.8537
0.0220	0.9930	0.9290	0.8455
Train on 572 samples, validate on 123 samples
0.0105	0.9965	0.9190	0.8455
0.0247	0.9895	0.9238	0.8455
0.0051	1.0000	1.1097	0.8293
0.0383	0.9930	1.1774	0.8455
0.0164	0.9965	1.2219	0.8374


Fine Classifier 7 Error: 0.20408163265306123
Train on 550 samples, validate on 147 samples
0.7211	0.8255	2.2419	0.7007
0.3391	0.9236	1.8323	0.7959
0.1679	0.9455	1.4464	0.7415
0.1639	0.9582	1.3405	0.7891
0.0614	0.9836	1.1005	0.7687
0.0279	0.9891	1.0580	0.7619
0.0605	0.9818	1.0328	0.7891
0.0435	0.9800	1.1749	0.7891
0.0501	0.9836	1.2769	0.7959
0.0103	0.9964	1.1374	0.7959
0.0190	0.9945	1.1201	0.8095
0.0211	0.9909	1.1320	0.8027
0.0087	0.9982	1.1249	0.7959
0.0219	0.9891	1.1442	0.7959
0.0142	0.9927	1.1633	0.7959


Fine Classifier 8 Error: 0.2302158273381295
Train on 518 samples, validate on 139 samples
0.8253	0.7780	5.7111	0.6331
0.2656	0.9170	2.3904	0.7050
0.2133	0.9479	1.4046	0.7338
0.0753	0.9653	1.1662	0.7482
0.0591	0.9768	1.0715	0.7986
0.0374	0.9884	1.1298	0.7770
0.0320	0.9865	1.0756	0.7842
0.0253	0.9903	1.0031	0.7842
0.0102	0.9981	1.0333	0.8058
0.0169	0.9942	0.9799	0.7914
0.0349	0.9865	0.8797	0.7914
0.0557	0.9884	1.0179	0.7770
0.0314	0.9903	0.9983	0.7482
0.0608	0.9846	0.9245	0.7986
0.0318	0.9865	1.0412	0.7698


Fine Classifier 9 Error: 0.2958801498127341
Train on 1034 samples, validate on 267 samples
0.5245	0.8598	2.5504	0.6704
0.2676	0.9207	1.7779	0.6891
0.1398	0.9507	1.6023	0.7116
0.0634	0.9807	1.4522	0.7341
0.0395	0.9845	1.2279	0.7528
0.0530	0.9836	1.4631	0.7228
0.0226	0.9923	1.6806	0.7116
0.0324	0.9874	1.6410	0.7191
0.0258	0.9913	1.8075	0.7228
0.0217	0.9942	1.8432	0.7079
0.0277	0.9894	2.0092	0.7154
0.0296	0.9874	1.8884	0.7041
0.0172	0.9942	1.8317	0.7116
0.0229	0.9923	2.4845	0.6854
0.0232	0.9894	2.0935	0.7041


Fine Classifier 10 Error: 0.013793103448275862
Train on 470 samples, validate on 145 samples
0.6578	0.8447	0.0692	0.9931
5.9727e-04	1.0000	0.0760	0.9931
6.0514e-05	1.0000	0.0865	0.9931
4.4387e-05	1.0000	0.0879	0.9931
2.0009e-05	1.0000	0.0906	0.9931
3.3440e-05	1.0000	0.0887	0.9931
8.8183e-05	1.0000	0.0796	0.9931
8.5967e-05	1.0000	0.0736	0.9931
1.8554e-05	1.0000	0.0634	0.9931
1.1632e-05	1.0000	0.0583	0.9931
2.2270e-05	1.0000	0.0582	0.9931
1.2708e-05	1.0000	0.0581	0.9862
1.4077e-05	1.0000	0.0743	0.9862
6.3520e-06	1.0000	0.0909	0.9862
6.3525e-06	1.0000	0.1039	0.9862



Single Classifier Error: 0.6208601087493821
Coarse Classifier Error: 0.4834404349975284
Overall Error: 0.5946613939693525

2
Single Classifier Error: 0.5956500247157687
Coarse Classifier Error: 0.20612951062778054
Overall Error: 0.6010874938210579

20
Single Classifier Error: 0.6287691547207118
Coarse Classifier Error: 0.5936727632229363
Overall Error: 0.6144340088976767